kappa > 500
df2[ df2.tepvalue > 100].sample_id.unique()
Out[113]: array([21160,  4188,  4189,  4190,  4192,  4193])

df2[ df2.sample_id == 4190 ][['Temperature','tepvalue']]
Out[130]: 
        Temperature     tepvalue
38100    324.484500     2.160183
38101    372.164900     2.183741
38102    419.845400     2.168237
38103    476.546400     2.230388
38104    524.226800     2.227905
38105    571.907200     2.277505
38106    626.030900     2.326769
38107    673.711300     2.415432
38108    725.257700     2.595039
38109    770.360800     2.788002
380399     0.000715   614.996000
380400     0.000675   606.119000
380401     0.000625   629.916000
380402     0.000578   664.603000
380403     0.000524   679.020000
380404     0.000474   725.857000
380405     0.000422   773.954000
380406     0.000370   951.232000
380407     0.000325  1044.400000

rho
df2[ df2.tepvalue > 0.1].sample_id.unique()
Out[111]: 
array([ 6686,  6826,  8068, 12954, 14952, 14956, 20063, 20087, 20088,
       21369, 21673, 24277, 25949, 26156, 27310, 27311, 27312, 27313,
       27316, 27317, 27318, 30738, 43083, 43532, 43533, 46858, 29337,
        8661, 21060, 21062, 21063, 25869, 25870, 25872, 25873, 29787,
       32232, 33327, 39702, 40593, 40679, 40680, 41610, 45247, 45249,
       45727, 46203, 46204, 25519, 25520])

df2[ df2.sample_id == 6686 ][['Temperature','tepvalue']]
Out[132]: 
       Temperature      tepvalue
49327     32.33256  10590.010000
49328     35.56582   9442.864000
49329     38.79908   6321.642000
49330     38.79908   3773.666000
49331     42.03233   2675.383000
           ...           ...
49393    596.53580      0.017740
49394    619.16860      0.017740
49395    648.26790      0.018787
49396    675.75060      0.019896
49397    695.15010      0.017740


df2[ df2.sample_id == 8068 ][['Temperature','tepvalue']]
Out[133]: 
       Temperature  tepvalue
64367     307.2258  0.164820
64368     325.0587  0.112164
64369     371.7243  0.051945
64370     422.4868  0.030061
64371     471.2845  0.018865
64372     520.0997  0.012328
64373     566.9501  0.008737
64374     617.8094  0.006318
64375     667.6862  0.004758
64376     715.6862  0.004758



df2[ df2.sample_id == 25870 ][['Temperature','tepvalue']]
Out[134]: 
        Temperature   tepvalue
604692     357.5507   8.102204
604693     374.9527   4.359730
604694     386.6498   3.311345
604695     398.3961   2.111491
604696     406.6621   1.761788
604697     417.3506   1.217592
604698     424.5485   1.019932
604699     472.8768   0.356310
604700     479.8376   0.326753
604701     486.7984   0.298179
604702     494.2523   0.270735
604703     501.2131   0.249088
604704     508.4018   0.231091
604705     515.4248   0.214076
604706     522.4477   0.200270
604707     529.4085   0.189137
604708     534.7120   0.181242
604709     540.4713   0.171125
604710     547.3285   0.162351
604711     554.2893   0.155008
604712     561.4780   0.149037
604713     568.5010   0.148079
604714     573.2865   0.147661
604715     444.8780   0.639216
604716     451.4634   0.560137
604717     458.4146   0.472464
604718     465.7317   0.414758
604719     437.9268   0.734234
604720     430.6098   0.876344
604721     299.2683        inf
604722     313.9024  54.333327
604723     336.2195  18.111112



df2[ df2.tepvalue > 1000 ][['sample_id','Temperature','tepvalue']]
Out[140]: 
        sample_id  Temperature   tepvalue
49327        6686    32.332560  10590.010
49328        6686    35.565820   9442.864
49329        6686    38.799080   6321.642
49330        6686    38.799080   3773.666
49331        6686    42.032330   2675.383
49332        6686    42.032330   1896.742
49333        6686    45.265590   1344.716
176889      20088     4.855376   3681.190
604721      25870   299.268300        inf
604774      25872   319.756100        inf
693194      46203   323.867800        inf
693195      46203   302.448000        inf
693205      46204   323.867800        inf




